0.444 4.67
1.668 7.298
9.625 4.685
2.871 8.261
9.877 9.356
3.912 6.093
2.841 3.836
7.127 8.976
7.679 5.392
6.605 2.984
7.052 8.143
6.771 6.651
2.577 8.624
6.557 7.529
7.259 7.488
3.25 0.292
2.82 1.102
2.586 6.385
8.97 7.34
0.153 1.058
6.274 6.284
7.626 8.476
9.354 3.019
6.297 3.268
1.209 0.861
8.269 1.108
7.117 9.306
6.651 3.905
9.21 0.649
7.767 5.742
9.921 2.836
3.505 7.744
0.36 0.57
9.476 7.17
0.977 1.947
4.623 2.953
9.359 9.148
2.132 5.926
4.973 0.368
9.062 5.865
4.024 3.627
5.575 4.771
6.011 3.436
3.836 0.121
3.448 1.974
2.763 7.439
4.18 9.468
1.298 4.663
6.387 4.751
3.013 6.184
3.125 6.111
6.019 2.546
7.904 2.938
8.529 6.092
1.943 4.893
5.244 5.873
4.438 1.918
5.898 7.941
5.799 8.037
4.758 6.212
0.47 1.747
9.495 1.898
1.462 5.044
2.748 0.496
3.595 8.793
8.634 1.336
8.832 9.931
0.267 6.966
8.895 3.902
5.903 5.069
8.511 6.969
2.452 4.315
1.808 2.776
6.102 7.602
1.711 1.629
9.828 3.282
4.184 5.599
4.455 5.08
7.219 7.453
2.777 9.989
5.456 4.419
1.927 1.866
2.848 1.032
4.564 7.341
3.246 6.673
3.215 3.503
9.052 8.125
3.151 7.618
6.441 9.864
1.989 2.281
5.423 4.466
0.432 6.529
2.584 0.25
7.536 6.503
4.808 0.138
7.928 9.141
1.997 6.164
3.174 8.214
3.653 1.56
4.888 3.047
7.793 2.668
1.922 9.83
2.032 6.269
5.313 6.274
0.191 9.801
0.035 4.413
7.242 0.352
2.184 2.86
1.783 3.674
2.635 1.633
7.106 7.567
2.89 5.494
6.869 6.265
5.718 6.942
3.688 4.753
8.428 4.804
1.09 1.507
0.51 9.317
1.776 3.077
0.494 7.589
8.885 0.847
5.695 4.667
6.213 9.3
9.043 9.716
7.465 2.635
2.542 2.616
0.211 3.331
4.163 5.49
7.988 9.303
9.362 8.439
9.058 7.208
3.627 -0.03
0.583 4.45
3.547 3.248
1.031 8.82
4.693 4.364
4.061 5.404
8.322 3.61
8.286 4.766
6.286 3.627
3.339 2.771
8.877 0.232
7.255 6.901
4.159 1.355
5.586 9.275
0.614 9.654
6.497 9.789
5.227 9.613
9.077 6.298
6.673 9.422
7.581 5.185
4.511 8.22
6.165 9.423
8.479 3.981
1.867 7.374
5.636 9.935
9.601 5.48
4.085 6.365
1.331 4.597
4.292 6.723
2.9 6.743
8.668 0.63
0.182 9.315
1.63 8.298
6.847 0.989
9.953 1.464
6.454 7.358
3.442 7.495
2.643 1.739
7.742 6.177
5.551 5.487
4.699 5.35
8.031 1.717
2.063 6.922
8.332 6.069
6.627 4.264
0.748 7.93
2.774 8.473
2.216 6.693
0.089 1.65
1.559 5.433
5.828 6.972
7.575 2.089
3.028 4.167
5.911 6.444
9.175 0.762
5.529 6.742
5.179 9.894
8.595 5.408
3.081 8.723
1.372 4.707
5.701 7.633
4.13 5.339
0.078 5.693
3.513 0.817
4.039 4.611
5.788 3.38
2.264 7.568
1.509 6.843
4.348 6.167
5.295 7.756
1.803 0.309
2.263 7.539
2.614 7.715
3.091 7.185
3.599 0.006
5.904 5.192
0.792 9.226
9.406 0.626
1.634 4.295
6.335 8.113
5.686 0.401
8.096 9.892
9.342 8.435
0.08 1.251
6.187 0.196
6.862 6.434
8.846 3.482
0.013 2.574
3.033 6.296
1.497 1.153
0.99 0.26
3.13 8.635
3.613 2.616
6.432 9.151
4.872 9.433
6.642 2.223
8.288 3.649
0.151 6.093
9.454 7.902
6.848 3.219
7.157 9.29
4.618 2.401
9.605 4.899
9.328 8.69
9.727 2.555
5.58 8.089
2.102 2.934
0.834 7.174
3.851 8.191
1.16 6.788
0.807 7.912
9.573 6.798
9.433 7.963
0.358 1.74
0.784 8.821
3.383 8.665
1.656 8.179
6.509 5.973
6.876 0.749
6.649 5.244
4.136 3.966
5.126 7.247
6.85 9.626
0.231 6.584
3.092 4.123
1.285 9.472
4.136 5.278
3.187 6.027
4.846 0.05
1.124 8.146
2.996 2.982
0.548 3.398
4.941 7.134
4.412 9.584
9.919 0.499
2.398 4.196
6.576 5.076
4.678 6.252
1.397 3.945
6.372 4.487
0.972 8.2
2.832 7.938
8.835 5.475
7.656 5.767
4.108 8.921
8.109 2.325
6.6 2.33
5.662 1.425
6.811 7.974
3.994 1.506
1.818 5.653
0.771 5.125
6.084 5.35
9.107 4.702
1.659 5.209
3.35 9.263
9.287 9.136
3.463 2.716
7.231 1.689
1.387 4.954
3.334 6.3
6.061 5.665
1.472 3.824
8.856 8.332
2.564 6.319
9.471 6.099
4.095 5.735
2.075 4.409
0.633 1.634
5.085 3.073
5.962 1.678
3.548 0.236
5.174 4.299
9.182 5.611
4.924 7.704
8.98 2.524
9.742 8.257
5.675 7.985
5.983 9.554
4.782 0.059
4.342 9.187
4.088 4.073
7.494 4.326
3.235 9.486
1.727 6.992
7.926 5.394
4.453 0.132
3.393 3.808
7.148 9.896
2.282 1.066
4.924 9.236
6.713 9.724
6.738 6.771
1.888 7.857
4.257 8.622
6.938 0.315
5.018 1.787
4.431 3.08
1.23 1.159
1.889 4.521
4.663 2.763
6.412 4.65
9.087 4.397
7.764 7.101
5.837 8.153
1.859 5.977
0.502 3.058
9.23 4.898
6.423 2.54
7.872 2.77
4.654 1.221
7.147 4.995
9.337 8.86
6.098 5.941
0.537 7.538
4.955 4.325
5.793 3.92
3.328 0.472
4.396 8.435
8.037 5.982
9.872 3.349
2.348 7.892
6.505 4.228
2.583 4.919
0.239 8.41
8.143 6.431
4.731 6.23
8.537 9.919
7.831 5.824
3.399 4.895
4.822 5.473
2.58 0.044
8.485 4.999
5.491 8.142
2.178 5.569
9.683 2.863
6.126 4.946
7.978 5.879
4.239 4.839
9.32 0.628
9.647 2.083
3.796 6.044
7.139 6.171
0.623 8.883
7.112 9.361
9.502 8.226
4.604 6.249
1.458 6.732
3.81 5.857
0.000999995 6.682
2.548 5.235
6.206 0.966
6.859 1.738
5.677 7.529
0.788 9.926
7.614 9.055
1.002 6.023
9.358 5.095
1.932 9.778
6.554 9.806
5.699 5.186
8.709 7.922
1.451 6.845
9.43 8.522
2.347 5.436
1.703 9.644
1.765 0.935
5.208 2.588
8.691 1.447
4.525 1.689
7.533 1.455
2.047 2.752
8.982 3.652
8.031 6.497
7.071 4.828
3.418 4.416
2.849 7.512
6.615 4.788
6.093 8.677
3.441 4.961
0.917 4.556
7.516 8.191
0.257 4.574
3.256 1.424
8.564 9.933
9.163 6.338
1.577 2.3
9.21 6.681
9.565 2.053
7.221 5.675
4.78 2.793
1.809 2.88
6.502 4.679
9.786 1.201
2.441 8.805
3.809 0.34
1.608 4.303
2.108 5.686
1.806 1.657
0.229 7.028
1.159 9.918
6.096 0.134
1.708 9.057
1.279 3.985
4.78 2
2.625 8.115
3.211 5.767
3.956 4.447
3.574 8.201
1.488 2.703
8.861 3.274
6.838 3.982
4.172 0.037
0.435 3.869
6.463 1.894
9.863 7.527
4.957 4.785
7.514 1.035
5.314 2.291
8.676 1.103
5.91 0.768
4.178 7.081
2.228 0.73
5.389 9.293
2.626 6.525
3.67 8.675
6.755 9.785
0.769 8.136
6.025 8.26
3.735 5.682
0.897 8.262
5.12 0.776
0.62 4.976
4.737 7.71
3.25 0.727
9.591 6.748
4.825 1.776
2.162 0.126
4.493 7.662
0.222 9.168
0.197 3.694
6.535 2.959
1.693 8.89
9.795 2.081
6.562 6.863
0.417 0.232
2.45 0.744
7.143 2.369
6.589 8.61
0.144 0.457
3.283 2.8
6.878 9.91
2.631 9.42
1.885 5.968
7.752 0.095
4.803 1.948
9.443 7.88
9.521 9.655
8.039 5.704
6.808 4.615
5.908 2.124
3.648 5.594
8 7.134
6.107 2.262
7.711 3.693
7.131 5.595
6.141 4.872
8.035 1.465
3.909 7.362
6.002 6.547
2.494 3.37
3.294 1.463
2.274 0.861
3.223 7.424
1.387 8.405
8.1 6.149
3.415 9.627
2.014 6.308
7.39 4.812
2.964 8.611
0.644 6.035
3.861 1.122
6.819 7.773
6.695 8.378
7.389 0.357
7.426 1.005
0.693 8.942
1.335 5.807
1.859 0.83
4.811 0.439
2.872 9.831
1.88 7.809
8.893 0.511
9.106 0.029
6.918 1.488
0.845 6.311
9.952 8.198
8.379 5.888
8.953 0.164
2.432 3.497
5.007 1.456
8.823 6.27
8.222 6.935
1.237 4.182
2.605 1.864
6.725 7.286
3.688 0.291
2.375 4.637
1.853 5.467
5.019 6.093
2.208 1.981
5.658 6.427
4.591 4.112
8.246 9.781
5.041 0.343
3.83 9.169
2.803 7.943
7.819 6.42
9.625 0.737
3.32 8.933
7.522 2.301
6.148 9.841
2.632 0.428
4.773 3.11
-0.058 5.675
1.411 0.122
2.028 7.068
0.461 3.517
4.77 3.463
9.601 7.185
0.692 5.043
1.074 0.719
5.569 0.77
2.389 8.458
0.702 3.703
4.747 7.321
8.688 3.983
3.473 6.733
5.283 0.814
8.44 0.231
5 6.487
6.238 8.68
6.248 3.559
6.333 8.532
8.94 2.69
0.161 2.716
8.897 9.162
7.029 2.635
3.809 9.301
-0.042 1.231
5.82 1.592
8.635 3.998
6.72 4.977
0.669 2.303
8.337 6.323
6.393 2.822
2.02 4.572
3.121 9.893
8.84 7.173
5.621 8.789
2.401 3.925
5.919 8.397
2.788 2.421
1.837 5.781
2.874 10.069
1.41 6.961
1.22 1.978
4.688 6.28
0.961 9.264
5.766 4.991
7.43 5.418
4.777 5.621
7.658 7.453
2.576 0.551
0.433 7.638
2.823 7.953
1.36 0.941
6.867 6.678
9.869 2.427
1.459 9.285
5.916 4.589
1.261 4.484
8.695 4.407
8.164 3.896
9.453 3.064
7.868 6.639
9.214 8.1
4.174 7.529
4.746 2.008
5.799 8.569
4.388 0.464
9.739 0.263
0.6 4.19
6.701 4.036
6.597 1.073
0.8 3.886
7.578 3.812
2.694 8.685
8.705 8.248
6.438 8.873
9.21 2.595
7.735 8.23
9.304 7.681
6.784 3.261
7.444 3.19
3.54 0.745
1.375 2.838
5.667 7.218
9.067 1.612
5.436 0.473
2.249 1.108
8.384 6.549
6.425 2.682
0.7 7.668
8.878 5.323
2.804 1.151
0.849 3.856
4.818 9.411
4.237 6.705
7.24 9.871
8.568 0.015
6.877 0.167
9.974 2.799
8.153 0.548
6.727 1.131
8.833 2.655
0.661 9.305
6.207 5.419
6.993 4.461
8.217 4.578
2.214 3.273
8.92 0.342
6.299 0.818
9.13 0.774
1.842 1.115
7.647 4.154
6.974 7.891
6.244 0.94
5.406 9.898
6.307 4.316
2.548 6.717
4.996 0.682
4.299 6.018
2.939 9.896
8.058 6.234
7.844 2.31
8.358 5.481
7.882 6.441
0.996 9.469
8.391 7.113
6.945 8.082
8.481 2.52
3.517 5.793
0.664 5.825
6.472 7.521
9.628 2.58
1.147 5.154
9.499 1.068
4.323 7.812
8.543 0.572
4.063 6.833
2.635 6.538
5.289 7.613
7.282 1.021
9.6 3.939
4.714 4.075
4.362 3.739
6.13 0.351
1.757 6.554
5.219 2.356
8.802 7.53
7.412 6.643
1.605 5.521
2.577 3.789
0.365 3.226
3.934 4.486
8.349 7.531
7.456 2.668
3.093 3.107
4.712 2.102
0.03 4.677
7.947 6.243
3.686 3.157
3.411 6.292
9.606 1.533
6.54 7.662
0.976 5.589
9.519 8.831
3.784 2.764
5.614 5.676
8.937 3.01
1.204 4.686
8.388 9.721
2.852 5.933
4.571 9.94
4.971 3.59
1.807 1.184
5.986 4.377
0.289 4.603
9.879 4.946
8.915 3.572
2.281 1.637
3.087 8.731
4.834 2.388
6.725 0.562
3.015 6.523
1.75 5.83
6.84 3.277
9.884 5.849
6.398 7.35
7.139 9.217
6.069 1.206
2.953 3.918
8.206 5.879
8.6 2.714
0.586 3.259
4.769 4.221
4.276 6.813
6.879 2.661
8.682 2.142
5.139 8.777
8.839 5.463
5.366 7.883
5.107 5.604
0.488 1.443
8.396 6.981
1.437 1.014
5.171 0.965
8.162 4.857
5.296 6.14
3.799 6.366
7.522 8.469
1.192 3.992
2.047 5.364
6.961 7.143
6.833 6.735
7.666 3.819
0.404 7.691
9.567 2.283
2.427 8.697
8.212 3.4
3.976 5.634
9.281 4.295
5.392 6.257
0.201 2.164
8.793 2.551
7.793 5.18
5.52 6.662
3.69 6.344
0.334 9.808
5.486 7.662
2.651 0.607
4.588 5.626
1.782 4.501
2.962 0.934
3.214 0.7
0.298 0.561
6.171 8.51
6.909 9.243
6.268 3.244
6.199 9.756
6.727 5.672
1.173 2.892
4.533 3.278
3.958 1.978
4.075 10.011
1.948 6.056
6.973 9.719
7.055 2.514
4.72 1.383
2.918 9.094
6.378 8.831
0.33 2.532
9.826 8.945
8.627 4.747
3.363 7.775
1.752 5.941
8.802 0.433
5.234 1.568
9.351 9.003
1.899 2.254
2.175 0.854
0.907 5.747
0.036 1.549
5.35 2.429
5.757 9.463
0.331 2.925
1.346 5.865
8.108 0.000999995
3.375 6.993
0.148 3.077
3.946 3.384
8.482 0.441
2.858 4.497
8.673 9.927
4.126 4.512
4.441 2.356
5.174 2.159
7.044 4.123
0.61 1.849
0.444 1.21
-0.079 9.062
2.947 1.073
9.369 8.841
9.328 0.328
8.444 8.874
6.166 3.577
3.421 8.264
2.366 5.615
3.018 0.527
7.601 0.256
7.163 8.547
4.177 9.119
4.341 8.998
9.488 1.108
6.372 2.98
2.365 9.099
5.924 1.699
1.485 0.143
0.357 8.424
3.549 6.5
9.188 6.914
2.489 5.808
1.294 4.038
0.363 1.562
2.703 6.667
0.124 1.083
4.943 8.102
7.979 9.89
4.979 0.814
3.109 1.648
8.588 8.341
2.528 4.679
0.811 2.47
1.128 2.631
2.527 1.652
2.403 1.226
7.116 1.935
3.528 9.28
1.061 8.266
5.051 8.11
8.481 7.375
5.785 9.504
7.774 2.174
3.487 9.225
0.988 2.858
9.779 4.168
4.81 7.782
0.94 2.972
1.192 5.226
2.846 5.5
0.901 6.617
7.445 0.003
0.736 9.188
5.048 1.246
9.346 5.366
9.108 7.501
5.937 1.008
9.839 9.45
2.412 1.206
7.181 6.717
7.756 2.294
9.549 7.746
4.175 9.366
8.635 5.06
6.675 0.476
3.923 6.827
1.355 4.852
2.584 -0.011
4.788 2.16
9.497 7.997
4.477 3.025
4.903 7.832
6.871 9.859
1.27 0.294
6.898 8.58
9.621 7.112
4.369 6.841
8.646 5.822
6.312 0.78
8.163 8.265
9.044 6.804
5.508 5.316
6.215 7.389
7.044 9.932
4.995 8.233
4.604 4.79
1.317 0.452
7.517 3.276
9.315 1.906
3.56 5.988
9.834 4.562
7.205 9.888
3.308 3.515
7.426 0.437
0.535 7.976
6.044 9.205
2.299 2.052
4.926 1.711
6.383 6.207
7.129 8.901
1.234 0.915
2.826 5.274
7.276 0.363
9.434 9.787
2.94 1.985
3.218 1.086
7.331 0.005
5.376 9.77
3.868 7.506
2.063 7.064
4.06 0.404
4.871 7.63
8.438 5.016
1.027 2.638
2.045 6.831
9.858 8.416
9.237 2.907
2.302 2.362
2.385 4.266
3.226 3.479
7.739 8.221
8.184 6.817
5.712 0.424
5.51 1.743
8.507 0.649
8.032 2.979
6.087 4.174
5.445 9.683
7.032 3.749
3.361 6.144
1.226 3.549
9.068 4.942
0.982 2.345
5.239 4.733
7.283 7.792
1.388 8.179
5.849 5.081
2.774 2.768
0.179 1.841
5.699 7.344
6.512 5.991
4.112 3.835
8.92 1.447
0.474 7.792
4.338 4.314
8.281 3.652
6.756 9.777
6.375 2.328
0.102 9.686
9.626 5.321
1.474 2.396
8.665 0.188
2.875 6.501
4.71 2.507
0.084 9.394
5.052 1.536
2.682 0.549
0.363 1.502
9.063 3.344
6.395 3.546
0.286 9.795
7.962 3.186
9.036 2.092
5.595 2.852
3.436 3.211
7.629 9.874
0.406 0.856
5.757 7.982
0.748 1.085
0.96 6.182
6.148 1.984
5.91 8.888
1.715 4.183
8.583 7.05
6.259 1.973
8.223 1.269
6.082 6.045
8.628 1.573
8.184 9.046
6.099 2.074
9.702 5.308
5.307 1.507
1.642 4.65
9.54 0.715
9.457 5.342
4.724 1.91
7.056 2.006
2.953 6.871
0.615 4.225
3.559 4.459
9.972 3.307
1.922 5.061
